cam0:
  cam_overlaps: [1]
  camera_model: pinhole
  distortion_coeffs: [-0.18006053115298426, 0.26057019375862406, -0.002559088899137165, 0.010603188740769312]
  distortion_model: radtan
  intrinsics: [7546.504282257504, 7572.10146981953, 2545.2539699317235, 1314.455048064746]
  resolution: [4024, 3036]
  rostopic: /camera/DEV_1AB22C00E123/image
cam1:
  T_cn_cnm1:
  - [0.9900018588265741, 0.0021303374163397096, 0.1410382259616924, -0.1877967354887142]
  - [-0.001654491703311004, 0.9999925375817855, -0.0034910511233576195, -0.0007253250227679152]
  - [-0.14104461059229645, 0.0032228005266793187, 0.9899979956442505, 0.008479589764000013]
  - [0.0, 0.0, 0.0, 1.0]
  cam_overlaps: [0]
  camera_model: pinhole
  distortion_coeffs: [-0.16049267739807022, 0.3749315673840053, -0.0032478549189636037, 0.0041203598645602165]
  distortion_model: radtan
  intrinsics: [7524.609921045258, 7569.595628446317, 1832.0928936549217, 1296.8212355141798]
  resolution: [4024, 3036]
  rostopic: /camera/DEV_1AB22C00E588/image
